3315:
x: [2736.0, 1753.0, 1779.0, 3819.0, 637.0, 786.0, 674.0, 1570.0, 3698.0, 3789.0, 668.0, 2506.0]
y: [616.0, 2146.0, 708.0, 579.0, 673.0, 2198.0, 1426.0, 2796.0, 586.0, 1015.0, 742.0, 2130.0]

5427:
x: [1835.0, 1779.0, 4155.0, 1925.0, 4246.0, 2269.0, 1369.0, 732.0, 4234.0, 2945.0, 1950.0, 3377.0, 2519.0, 777.0, 786.0, 2427.0, 2954.0, 737.0, 4267.0, 2920.0]
y: [804.0, 2555.0, 625.0, 1161.0, 1117.0, 1970.0, 2804.0, 2849.0, 2801.0, 1798.0, 2882.0, 1137.0, 2876.0, 1075.0, 622.0, 1150.0, 1143.0, 2213.0, 2534.0, 2442.0]


0623:
x: [4133.0, 2280.0, 2948.0, 4269.0, 3447.0, 1838.0, 737.0, 1388.0, 2483.0, 1119.0, 4262.0, 2616.0, 2098.0, 765.0, 1829.0, 650.0, 642.0, 4167.0]
y: [576.0, 2717.0, 1503.0, 991.0, 2692.0, 1087.0, 2873.0, 2789.0, 2815.0, 2179.0, 2777.0, 1176.0, 2125.0, 631.0, 2164.0, 2191.0, 1420.0, 2415.0]